normsift 0100 0100 0.234863 
normsift 0200 0200 0.204834 
normsift 0400 0400 0.170044 
normsift 0600 0600 0.147705 
normsift 0800 0800 0.130920 
normsift 1000 1000 0.117859 
normsift 1200 1200 0.106323 
normsift 1400 1400 0.096527 
normsift 1600 1600 0.087982 
normsurf 0100 0100 10859 
normsurf 0200 0200 6601 
normsurf 0400 0400 3388 
normsurf 0600 0600 2035 
normsurf 0800 0800 1298 
normsurf 1000 1000 863 
normsurf 1200 1200 585 
normsurf 1400 1400 405 
normsurf 1600 1601 280 
orb 0100 0100 100 
orb 0200 0200 200 
orb 0400 0400 400 
orb 0600 0600 600 
orb 0800 0800 800 
orb 1000 1000 1000 
orb 1200 1200 1200 
orb 1400 1400 1400 
orb 1600 1600 1600 
brisk 0100 0100 134 
brisk 0200 0201 106 
brisk 0400 0397 75 
brisk 0600 0605 54 
brisk 0800 0797 40 
brisk 1000 0997 29 
brisk 1200 1189 21 
brisk 1400 1393 15 
brisk 1600 1617 10 
star 0100 0098 68 
star 0200 0197 53 
star 0400 0399 36 
star 0600 0591 25 
star 0800 0813 15 
star 1000 0987 9 
star 1200 1202 1 
star 1400 1206 0 
star 1600 1206 0 
brief 0100 0098 68 
brief 0200 0197 53 
brief 0400 0399 36 
brief 0600 0591 25 
brief 0800 0813 15 
brief 1000 0987 9 
brief 1200 1202 1 
brief 1400 1206 0 
brief 1600 1206 0 
grief 0100 0098 68 
grief 0200 0197 53 
grief 0400 0399 36 
grief 0600 0591 25 
grief 0800 0813 15 
grief 1000 0987 9 
grief 1200 1202 1 
grief 1400 1206 0 
grief 1600 1206 0 
upsift 0100 0100 0.234863 
upsift 0200 0200 0.204834 
upsift 0400 0400 0.170044 
upsift 0600 0600 0.147705 
upsift 0800 0800 0.130920 
upsift 1000 1000 0.117859 
upsift 1200 1200 0.106323 
upsift 1400 1400 0.096527 
upsift 1600 1600 0.087982 
upsurf 0100 0100 10859 
upsurf 0200 0200 6601 
upsurf 0400 0400 3388 
upsurf 0600 0600 2035 
upsurf 0800 0800 1298 
upsurf 1000 1000 863 
upsurf 1200 1200 585 
upsurf 1400 1400 405 
upsurf 1600 1601 280 
