normsift 0100 0100 0.218262 
normsift 0200 0200 0.189697 
normsift 0400 0400 0.158569 
normsift 0600 0600 0.139160 
normsift 0800 0800 0.125031 
normsift 1000 1000 0.113831 
normsift 1200 1200 0.104401 
normsift 1400 1400 0.096558 
normsift 1600 1600 0.089783 
normsurf 0100 0100 12929 
normsurf 0200 0200 8632 
normsurf 0400 0400 4990 
normsurf 0600 0600 3300 
normsurf 0800 0800 2304 
normsurf 1000 1000 1651 
normsurf 1200 1200 1195 
normsurf 1400 1400 865 
normsurf 1600 1600 621 
orb 0100 0100 100 
orb 0200 0200 200 
orb 0400 0400 400 
orb 0600 0600 600 
orb 0800 0800 800 
orb 1000 1000 1000 
orb 1200 1200 1200 
orb 1400 1400 1400 
orb 1600 1600 1600 
brisk 0100 0100 114 
brisk 0200 0203 92 
brisk 0400 0397 68 
brisk 0600 0596 53 
brisk 0800 0800 42 
brisk 1000 0992 34 
brisk 1200 1201 27 
brisk 1400 1389 22 
brisk 1600 1616 17 
star 0100 0103 68 
star 0200 0203 56 
star 0400 0397 43 
star 0600 0604 34 
star 0800 0784 28 
star 1000 0990 22 
star 1200 1204 16 
star 1400 1398 10 
star 1600 1569 0 
brief 0100 0103 68 
brief 0200 0203 56 
brief 0400 0397 43 
brief 0600 0604 34 
brief 0800 0784 28 
brief 1000 0990 22 
brief 1200 1204 16 
brief 1400 1398 10 
brief 1600 1569 0 
grief 0100 0103 68 
grief 0200 0203 56 
grief 0400 0397 43 
grief 0600 0604 34 
grief 0800 0784 28 
grief 1000 0990 22 
grief 1200 1204 16 
grief 1400 1398 10 
grief 1600 1569 0 
upsift 0100 0100 0.218262 
upsift 0200 0200 0.189697 
upsift 0400 0400 0.158569 
upsift 0600 0600 0.139160 
upsift 0800 0800 0.125031 
upsift 1000 1000 0.113831 
upsift 1200 1200 0.104401 
upsift 1400 1400 0.096558 
upsift 1600 1600 0.089783 
upsurf 0100 0100 12929 
upsurf 0200 0200 8632 
upsurf 0400 0400 4990 
upsurf 0600 0600 3300 
upsurf 0800 0800 2304 
upsurf 1000 1000 1651 
upsurf 1200 1200 1195 
upsurf 1400 1400 865 
upsurf 1600 1600 621 
